GRASP_Variant V.10.38c    Instrument:  ILL_d11_plus2025 
  
***** Sample, Backgrounds and Transmissions Data: ***** 
Subtitle:  PEG-PNIPAM-596-24-1p25 
Start: 28-Oct-25  03:48:28   End: 28-Oct-25  04:48:28 
  
Foreground:  72236 , Loaded: 72065+72074+72081+72122,72066+72075+72082,72067+72076+72083,72068+72077+72084,72085+72114,72086+72115,72087,72088+72116,72117,72118,72119,72120,72123,72124,72125,72126,72158,72159,72160,72161,72162,72163,72164,72165,72166,72204,72205,72206,72207,72208,72209,72210,72211,72212,72213,72214,72236,72237 
Background: Sum 72073+72064+72080+72127 , Loaded: 72073+72064+72080+72127 
Blocked Beam: Sum 72072+72079 , Loaded: 72072+72079 
  
Beam Centre1 [x, y]:  [125, 95.2]  :  Cm Translation:  [0, 0] [mm]  :  ROI: [1  256    1  192]  :  Numor #72069 
Beam Centre2 [x, y]:  [14.8, 126]  :  Cm Translation:  [0, 0] [mm]  :  ROI: [1   32    1  256]  :  Numor #0 
Beam Centre3 [x, y]:  [14.8, 126]  :  Cm Translation:  [0, 0] [mm]  :  ROI: [1   32    1  256]  :  Numor #0 
Transmissions:  Ts = 0.87517 +/- 0.0014104  Te = 0.95954 +/- 0.0010271 
Transmission Numors: Ts:  #72223/ #72157;  ROI:  121  132   99  109 
Transmission Numors: Te:  #72157/ #72089;  ROI:  121  132   99  109 
Transmissions Thickness Correction is:  on 
Applying standard SANS data reduction:  I_corr = 1/[Ts Te] [I_s - I_cd]  - 1/[Te] [I_bck - I_cd] 
  
***** Calibrations: ***** 
Data: Corrected for D11_plus Detector Parallax 
Data: Corrected for Detector Efficiency 
Data: Corrected for Relative Detector Efficiency (variation between detector panels) 
Data: Divided by Volume 
Sample Thickness is: 0.2 [cm] 
Solid Angle Correction: 
Divide data by Empty Beam Flux, I0, from worksheet: I0 Beam Intensity 3 38 
I0 Numor #72069   ROI: 110  145   87  104    1 
Applying Default Instrument Mask 
Applying User Defined Mask 
Applying NanInf Mask 
Intensity units are:  cm-1 \\ \Delta\Omega  
  
***** Instrument Setup Parameters ***** 
Sample-Det(detcalc)1 Dist (m): 38.9 
Sample-Det(detcalc)2 Dist (m): 38.795 
Sample-Det(detcalc)3 Dist (m): 38.795 
Collimation (m): 34.4 
Wavelength: 9, Delta Wav: 0.09 
Total Det Counts: 1250438 
Total Monitor Counts: 29615016 
  
***** Analysis ***** 
Merge IQ through Worksheet Number 
Numors:  72236 
Averaging I vs. Q.  Bin size:  5 [Fractional Resolution]  log10 
 
 
***** Data ***** 
Mod_Q	I	Err_I	Sigma_Q	
 
 
0.000919404	144.605	3.78607	0.000270882
0.00106635	143.463	2.40513	0.000271626
0.00120379	148.412	1.5361	0.000272378
0.00134115	145.8	1.25784	0.00027326
0.0014783	138.883	1.09946	0.000274216
0.00161805	134.579	1.0165	0.000275254
0.00175817	129.783	0.930286	0.000276439
0.00190041	126.528	0.864038	0.000277694
0.00204233	121.424	0.819082	0.000279056
0.00218479	118.453	0.767129	0.000280515
0.00232687	111.926	0.730199	0.00028203
0.00247001	107.916	0.67814	0.000283694
0.00261547	102.747	0.643808	0.000285428
0.0027612	98.8004	0.609238	0.000288058
0.00290767	93.6061	0.576566	0.000289989
0.0030551	89.1215	0.548119	0.000292032
0.00320283	84.8735	0.522064	0.000294161
0.0033513	80.2603	0.488412	0.000296553
0.00350174	76.1849	0.446968	0.000298774
0.00365338	71.0245	0.422571	0.000301397
0.00380343	66.9088	0.401402	0.000303802
0.00395677	63.3304	0.377165	0.000306664
0.00411096	58.8512	0.354098	0.000309452
0.00426562	55.5509	0.332906	0.00031265
0.00442304	52.3149	0.318904	0.000315244
0.00458171	47.8622	0.296066	0.000318524
0.00474027	45.3298	0.281356	0.000321783
0.00490004	42.6789	0.269416	0.000324974
0.00506249	39.4089	0.256416	0.000328011
0.00522578	36.7061	0.23932	0.000331773
0.00539209	33.9129	0.22756	0.00033531
0.00555831	31.9694	0.220893	0.00033943
0.00572445	29.3447	0.204541	0.000343449
0.00589549	27.3243	0.192083	0.000347512
0.00606752	25.7343	0.188596	0.000351205
0.00623945	23.3905	0.176098	0.000355298
0.00641549	21.8669	0.165296	0.000359477
0.0065932	20.6641	0.160974	0.000363641
0.00677123	18.8113	0.150788	0.000368081
0.00695286	17.6225	0.141048	0.000372839
0.00713629	16.0011	0.136073	0.000377264
0.00732118	14.8704	0.128592	0.000382178
0.00750945	13.5835	0.120074	0.000387111
0.00769799	12.7288	0.117979	0.000392632
0.00788895	11.5925	0.109607	0.000397993
0.00808401	10.6946	0.103566	0.000403386
0.00828156	9.96861	0.100639	0.000408327
0.00847982	9.29985	0.0949125	0.000414064
0.00868076	8.22376	0.0900098	0.000419689
0.00888667	7.69883	0.0867909	0.000425358
0.00909174	7.14126	0.0839021	0.000431338
0.00930067	6.70629	0.0832371	0.000438089
0.00951383	6.13062	0.0783716	0.00044423
0.00972924	5.50059	0.0725627	0.000450527
0.00994634	5.0767	0.0704612	0.000456668
0.0101661	4.67865	0.0663831	0.000463353
0.0103882	4.30117	0.065471	0.000469776
0.0106164	3.94949	0.061878	0.000476717
0.010846	3.59697	0.0586954	0.000483749
0.0110799	3.24849	0.0570649	0.000491459
0.0113153	2.98366	0.0552841	0.000498852
0.0116902	2.60506	0.0356792	0.000526851
0.0120686	2.24129	0.0490505	0.00052244
0.0123198	1.98804	0.0470296	0.000530566
0.0125726	1.83067	0.0445703	0.000538314
0.0128304	1.66873	0.0426179	0.000546722
0.0130907	1.49284	0.0442872	0.000555247
0.0133582	1.34074	0.0420569	0.000564047
0.0136226	1.22524	0.042543	0.000572801
0.0138967	1.12039	0.0454755	0.000581914
0.0141721	0.99076	0.05082	0.000591096
0.0144541	0.843243	0.0501199	0.00060007
0.0147374	0.851546	0.054917	0.000609578
0.0151321	0.786206	0.0477342	0.000637516
0.0155697	0.70713	0.0658557	0.000639553
0.015972	0.661158	0.0512283	0.000668427
0.016539	0.615776	0.0316552	0.000693973
0.0170983	0.544695	0.00816121	0.00071407
0.0176553	0.50607	0.00769227	0.000732112
0.01822	0.482419	0.00747398	0.000750623
0.0187841	0.452552	0.00711591	0.00076911
0.0193574	0.434657	0.00675189	0.00078806
0.0199374	0.421844	0.00660831	0.000807403
0.0205161	0.396993	0.00632589	0.000826719
0.0211039	0.393433	0.00608577	0.00084812
0.021696	0.374699	0.00591303	0.00086691
0.0222951	0.352733	0.00564312	0.000887705
0.0229058	0.333813	0.00536156	0.000909332
0.0235229	0.315291	0.00512448	0.000931596
0.0241472	0.301357	0.00494471	0.000953312
0.0247786	0.287805	0.00471023	0.000974313
0.0254182	0.272926	0.00458005	0.000997077
0.0260563	0.260239	0.00436875	0.00102077
0.0267066	0.245223	0.00417202	0.001043
0.0273657	0.23857	0.00405349	0.00106596
0.0280354	0.231871	0.00390269	0.00108896
0.0287125	0.219212	0.00381292	0.00111519
0.0293919	0.213381	0.00366154	0.00113766
0.0300851	0.211069	0.00354292	0.00116293
0.0307904	0.19997	0.00340608	0.00118933
0.0315013	0.196717	0.00338856	0.00121333
0.0322197	0.194961	0.00327102	0.00123932
0.0329533	0.187536	0.00317559	0.00126582
0.0336884	0.179212	0.00307044	0.00129332
0.0344376	0.175529	0.00310214	0.00132044
0.0351964	0.172675	0.00304985	0.00134542
0.0359738	0.168964	0.00297614	0.00137483
0.036749	0.15849	0.00279259	0.00140122
0.0375375	0.158974	0.00273636	0.00143114
0.0383408	0.155031	0.00267596	0.00145939
0.039152	0.152846	0.00262589	0.00148668
0.0399773	0.152693	0.00253257	0.00151906
0.0408186	0.143274	0.00244043	0.00154802
0.0416654	0.138959	0.00239375	0.00157921
0.0425253	0.130647	0.0022896	0.00161094
0.0433983	0.132071	0.00227117	0.00164311
0.0442841	0.128329	0.00218219	0.00167578
0.0451878	0.12461	0.00215098	0.00170723
0.0460934	0.121047	0.00209903	0.00174065
0.0470192	0.120308	0.00202851	0.00177481
0.0479629	0.115751	0.0019986	0.00180965
0.048911	0.112913	0.00200134	0.00184086
0.0498802	0.107887	0.00200325	0.00187659
0.0508617	0.105611	0.00196959	0.0019128
0.051858	0.104114	0.00199983	0.00194956
0.0528725	0.100761	0.00205191	0.00198701
0.0538882	0.10091	0.00215065	0.00202452
0.0549278	0.0973523	0.00223167	0.0020629
0.0559881	0.0969423	0.00234848	0.00210209
0.0570636	0.092859	0.00259124	0.00214182
0.0581525	0.0906949	0.0028173	0.00218458
0.0592586	0.0899515	0.00319213	0.00222553
0.0603894	0.0904052	0.00360552	0.00227237
0.0615324	0.0851598	0.00379822	0.00232745
0.0635519	0.0807657	0.0026476	0.00258679
0.0670047	0.0762736	0.000444582	0.00277798
0.0701705	0.0726832	0.00015715	0.00288806
0.0733291	0.0690847	0.000147372	0.00299157
0.0765932	0.0654682	0.000138137	0.00310038
0.0798794	0.0625064	0.000133157	0.0032098
0.0831679	0.0595492	0.00012681	0.00332113
0.0864969	0.0573331	0.000121164	0.00343317
0.0898466	0.0553747	0.000117211	0.00354814
0.0931894	0.0533862	0.000113026	0.00366165
0.096587	0.0522091	0.000108399	0.00377947
0.100033	0.0508293	0.000104908	0.00389819
0.103498	0.0496356	0.000101521	0.00401837
0.106997	0.0488069	9.88898e-05	0.00414052
0.110521	0.0480367	9.59119e-05	0.00428952
0.114072	0.0473376	9.35386e-05	0.00441361
0.117659	0.0470285	9.13953e-05	0.00451948
0.12131	0.046289	8.81547e-05	0.00464738
0.124981	0.0460901	8.73021e-05	0.00477704
0.128654	0.0456843	8.51795e-05	0.00490712
0.132356	0.0453926	8.36044e-05	0.00503801
0.136114	0.045303	8.14859e-05	0.00517079
0.139886	0.0451594	8.08205e-05	0.00530538
0.143726	0.0449132	7.79521e-05	0.00544229
0.14763	0.0448766	7.69826e-05	0.00560396
0.151571	0.0449736	7.52281e-05	0.00574398
0.155564	0.0446278	7.41833e-05	0.005886
0.159561	0.0445743	7.30439e-05	0.00602839
0.163604	0.0445692	7.15237e-05	0.00617308
0.167716	0.0445342	6.97326e-05	0.00632029
0.171871	0.0445578	6.89537e-05	0.0064692
0.176061	0.0445137	6.75464e-05	0.00661947
0.180358	0.0443929	6.52839e-05	0.00679401
0.184689	0.0444642	6.48919e-05	0.0069491
0.189033	0.0445217	6.37327e-05	0.00710483
0.193461	0.0444621	6.19276e-05	0.00726362
0.197942	0.0443877	6.11749e-05	0.0074249
0.202473	0.0444674	5.98473e-05	0.00758808
0.207023	0.0443664	5.91974e-05	0.00775202
0.211685	0.0444866	6.19014e-05	0.00793882
0.216388	0.0444633	6.24892e-05	0.00810927
0.221186	0.0445028	6.33432e-05	0.00828891
0.226035	0.0443945	6.10616e-05	0.00847046
0.230988	0.0443816	5.94809e-05	0.00863613
0.235952	0.044318	5.67059e-05	0.00882155
0.240977	0.0443474	5.49045e-05	0.00899892
0.246089	0.0442499	5.31714e-05	0.00918968
0.251271	0.0443181	5.19569e-05	0.00938303
0.256516	0.0443283	5.06641e-05	0.00957876
0.261857	0.0441694	4.9332e-05	0.00977802
0.267298	0.0441273	4.81026e-05	0.00998102
0.272801	0.0441186	4.7333e-05	0.0101863
0.278373	0.0440989	4.6124e-05	0.0103942
0.284019	0.0440753	4.53399e-05	0.0105947
0.289691	0.0441225	4.5352e-05	0.0108061
0.295526	0.044106	4.59095e-05	0.0110237
0.301428	0.0441344	4.60321e-05	0.0112437
0.307396	0.0441444	4.61921e-05	0.0114419
0.313473	0.0440993	4.58106e-05	0.0116679
0.319665	0.044082	4.57491e-05	0.0118983
0.325901	0.0441579	4.75733e-05	0.0121303
0.332113	0.0441411	5.23986e-05	0.0123519
0.338631	0.0441928	6.12186e-05	0.0125943
0.345174	0.0444012	6.87092e-05	0.0128376
0.351819	0.0443349	7.87253e-05	0.0130846
0.358511	0.0444563	9.30803e-05	0.0133335
0.365262	0.0443519	0.00011509	0.0135845
0.372245	0.0445347	0.000153055	0.0138441
0.379313	0.0449836	0.000199472	0.014107
0.385965	0.044299	0.000307067	0.0143543
0.391605	0.0443134	0.0010106	0.014564
