GRASP_Variant V.10.38c    Instrument:  ILL_d11_plus2025 
  
***** Sample, Backgrounds and Transmissions Data: ***** 
Subtitle:  PEG-PNIPAM-596-24-0p625 
Start: 28-Oct-25  04:48:33   End: 28-Oct-25  05:48:33 
  
Foreground:  72237 , Loaded: 72065+72074+72081+72122,72066+72075+72082,72067+72076+72083,72068+72077+72084,72085+72114,72086+72115,72087,72088+72116,72117,72118,72119,72120,72123,72124,72125,72126,72158,72159,72160,72161,72162,72163,72164,72165,72166,72204,72205,72206,72207,72208,72209,72210,72211,72212,72213,72214,72236,72237 
Background: Sum 72073+72064+72080+72127 , Loaded: 72073+72064+72080+72127 
Blocked Beam: Sum 72072+72079 , Loaded: 72072+72079 
  
Beam Centre1 [x, y]:  [125, 95.2]  :  Cm Translation:  [0, 0] [mm]  :  ROI: [1  256    1  192]  :  Numor #72069 
Beam Centre2 [x, y]:  [14.8, 126]  :  Cm Translation:  [0, 0] [mm]  :  ROI: [1   32    1  256]  :  Numor #0 
Beam Centre3 [x, y]:  [14.8, 126]  :  Cm Translation:  [0, 0] [mm]  :  ROI: [1   32    1  256]  :  Numor #0 
Transmissions:  Ts = 0.87441 +/- 0.0014096  Te = 0.95954 +/- 0.0010271 
Transmission Numors: Ts:  #72224/ #72157;  ROI:  121  132   99  109 
Transmission Numors: Te:  #72157/ #72089;  ROI:  121  132   99  109 
Transmissions Thickness Correction is:  on 
Applying standard SANS data reduction:  I_corr = 1/[Ts Te] [I_s - I_cd]  - 1/[Te] [I_bck - I_cd] 
  
***** Calibrations: ***** 
Data: Corrected for D11_plus Detector Parallax 
Data: Corrected for Detector Efficiency 
Data: Corrected for Relative Detector Efficiency (variation between detector panels) 
Data: Divided by Volume 
Sample Thickness is: 0.2 [cm] 
Solid Angle Correction: 
Divide data by Empty Beam Flux, I0, from worksheet: I0 Beam Intensity 3 39 
I0 Numor #72069   ROI: 110  145   87  104    1 
Applying Default Instrument Mask 
Applying User Defined Mask 
Applying NanInf Mask 
Intensity units are:  cm-1 \\ \Delta\Omega  
  
***** Instrument Setup Parameters ***** 
Sample-Det(detcalc)1 Dist (m): 38.9 
Sample-Det(detcalc)2 Dist (m): 38.795 
Sample-Det(detcalc)3 Dist (m): 38.795 
Collimation (m): 34.4 
Wavelength: 9, Delta Wav: 0.09 
Total Det Counts: 655787 
Total Monitor Counts: 29627447 
  
***** Analysis ***** 
Merge IQ through Worksheet Number 
Numors:  72237 
Averaging I vs. Q.  Bin size:  5 [Fractional Resolution]  log10 
 
 
***** Data ***** 
Mod_Q	I	Err_I	Sigma_Q	
 
 
0.000919404	71.1992	3.3585	0.000270882
0.00106635	75.8943	2.07134	0.000271626
0.00120379	70.8218	1.23296	0.000272378
0.00134115	67.4296	0.963025	0.00027326
0.0014783	65.7134	0.832306	0.000274216
0.00161805	64.5353	0.760066	0.000275254
0.00175817	63.8665	0.691236	0.000276439
0.00190041	61.0966	0.630247	0.000277694
0.00204233	58.435	0.594068	0.000279056
0.00218479	56.1548	0.549977	0.000280515
0.00232687	53.8531	0.525227	0.00028203
0.00247001	52.1216	0.485947	0.000283694
0.00261547	49.3503	0.46103	0.000285428
0.0027612	47.2189	0.432703	0.000288058
0.00290767	44.9013	0.411645	0.000289989
0.0030551	42.17	0.389102	0.000292032
0.00320283	40.7343	0.373079	0.000294161
0.0033513	38.3084	0.346508	0.000296553
0.00350174	36.4471	0.317052	0.000298774
0.00365338	33.9539	0.301378	0.000301397
0.00380343	32.7154	0.288303	0.000303802
0.00395677	30.7882	0.270523	0.000306664
0.00411096	28.6817	0.255272	0.000309452
0.00426562	27.4269	0.241644	0.00031265
0.00442304	25.0242	0.228267	0.000315244
0.00458171	23.605	0.215821	0.000318524
0.00474027	22.1834	0.203472	0.000321783
0.00490004	20.5448	0.195121	0.000324974
0.00506249	19.38	0.187233	0.000328011
0.00522578	17.9982	0.175985	0.000331773
0.00539209	16.6883	0.168445	0.00033531
0.00555831	15.6446	0.162291	0.00033943
0.00572445	14.8269	0.153169	0.000343449
0.00589549	13.3664	0.142425	0.000347512
0.00606752	12.4321	0.139814	0.000351205
0.00623945	11.5889	0.132631	0.000355298
0.00641549	10.8675	0.124172	0.000359477
0.0065932	9.8942	0.119434	0.000363641
0.00677123	9.24457	0.113535	0.000368081
0.00695286	8.34668	0.10492	0.000372839
0.00713629	7.82223	0.103146	0.000377264
0.00732118	7.17203	0.097952	0.000382178
0.00750945	6.73753	0.0922899	0.000387111
0.00769799	6.15811	0.0908033	0.000392632
0.00788895	5.54846	0.0845098	0.000397993
0.00808401	5.04497	0.0800392	0.000403386
0.00828156	4.63538	0.0776988	0.000408327
0.00847982	4.32185	0.073312	0.000414064
0.00868076	3.97901	0.0719112	0.000419689
0.00888667	3.69063	0.0690926	0.000425358
0.00909174	3.32137	0.0665794	0.000431338
0.00930067	3.0518	0.0665871	0.000438089
0.00951383	2.70997	0.0631761	0.00044423
0.00972924	2.58762	0.0592618	0.000450527
0.00994634	2.29271	0.0576679	0.000456668
0.0101661	2.14068	0.0546801	0.000463353
0.0103882	1.85896	0.0544801	0.000469776
0.0106164	1.66649	0.0514759	0.000476717
0.010846	1.57575	0.0494088	0.000483749
0.0110799	1.43061	0.0488131	0.000491459
0.0113153	1.33227	0.047854	0.000498852
0.0116902	1.11506	0.0310291	0.000526851
0.0120686	0.942462	0.043215	0.00052244
0.0123198	0.877519	0.0420731	0.000530566
0.0125726	0.82051	0.039944	0.000538314
0.0128304	0.733563	0.0383009	0.000546722
0.0130907	0.580227	0.0403105	0.000555247
0.0133582	0.579466	0.0386718	0.000564047
0.0136226	0.556055	0.0393044	0.000572801
0.0138967	0.537461	0.0425198	0.000581914
0.0141721	0.441872	0.0478872	0.000591096
0.0144541	0.420435	0.0476596	0.00060007
0.0147374	0.383694	0.0517891	0.000609578
0.0151321	0.359976	0.0454737	0.000637516
0.0155697	0.275966	0.0620712	0.000639553
0.015972	0.313421	0.0491206	0.000668427
0.016539	0.312043	0.0302415	0.000693973
0.0170983	0.267443	0.00609024	0.00071407
0.0176553	0.262457	0.00587258	0.000732112
0.01822	0.260967	0.00585775	0.000750623
0.0187841	0.245747	0.00556228	0.00076911
0.0193574	0.231946	0.00525348	0.00078806
0.0199374	0.22407	0.00513788	0.000807403
0.0205161	0.215652	0.00497782	0.000826719
0.0211039	0.221447	0.0048439	0.00084812
0.021696	0.201932	0.00462493	0.00086691
0.0222951	0.186056	0.00442692	0.000887705
0.0229058	0.182807	0.00425933	0.000909332
0.0235229	0.173888	0.00409754	0.000931596
0.0241472	0.167253	0.00396847	0.000953312
0.0247786	0.153553	0.0037304	0.000974313
0.0254182	0.151571	0.00369104	0.000997077
0.0260563	0.146629	0.00354507	0.00102077
0.0267066	0.143432	0.00343784	0.001043
0.0273657	0.140379	0.00335269	0.00106596
0.0280354	0.138282	0.0032389	0.00108896
0.0287125	0.126736	0.00314978	0.00111519
0.0293919	0.124575	0.0030324	0.00113766
0.0300851	0.124026	0.00293985	0.00116293
0.0307904	0.120456	0.00285421	0.00118933
0.0315013	0.115911	0.00282398	0.00121333
0.0322197	0.114453	0.00272252	0.00123932
0.0329533	0.113373	0.00267949	0.00126582
0.0336884	0.110046	0.00260126	0.00129332
0.0344376	0.106055	0.00262087	0.00132044
0.0351964	0.106465	0.0025956	0.00134542
0.0359738	0.102643	0.00252266	0.00137483
0.036749	0.101155	0.00240962	0.00140122
0.0375375	0.0971373	0.00233125	0.00143114
0.0383408	0.0965062	0.00229761	0.00145939
0.039152	0.0936126	0.00224643	0.00148668
0.0399773	0.0931424	0.00215959	0.00151906
0.0408186	0.0893982	0.00210502	0.00154802
0.0416654	0.089789	0.00208874	0.00157921
0.0425253	0.0846476	0.00200457	0.00161094
0.0433983	0.0878726	0.0020031	0.00164311
0.0442841	0.0860024	0.00193076	0.00167578
0.0451878	0.0826668	0.00190405	0.00170723
0.0460934	0.077748	0.00183994	0.00174065
0.0470192	0.0788859	0.00178863	0.00177481
0.0479629	0.0747044	0.00175814	0.00180965
0.048911	0.0767864	0.00179083	0.00184086
0.0498802	0.0729736	0.00179308	0.00187659
0.0508617	0.0755966	0.00179223	0.0019128
0.051858	0.0707937	0.00179666	0.00194956
0.0528725	0.0686818	0.00184824	0.00198701
0.0538882	0.0704409	0.00194649	0.00202452
0.0549278	0.0687185	0.00202809	0.0020629
0.0559881	0.0668276	0.00212207	0.00210209
0.0570636	0.0667429	0.00237485	0.00214182
0.0581525	0.0684862	0.00261174	0.00218458
0.0592586	0.0677171	0.00295134	0.00222553
0.0603894	0.0610044	0.00321284	0.00227237
0.0615324	0.0648757	0.00352135	0.00232745
0.0635519	0.0566269	0.00236555	0.00258679
0.0670047	0.0594884	0.00054499	0.00277798
0.0701705	0.0571128	0.000140265	0.00288806
0.0733291	0.0553856	0.000132907	0.00299157
0.0765932	0.0535623	0.000125899	0.00310038
0.0798794	0.0523248	0.000122752	0.0032098
0.0831679	0.0508447	0.000118045	0.00332113
0.0864969	0.0495607	0.000113498	0.00343317
0.0898466	0.0487685	0.000110764	0.00354814
0.0931894	0.0480648	0.0001079	0.00366165
0.096587	0.0470675	0.000103571	0.00377947
0.100033	0.0465822	0.000100989	0.00389819
0.103498	0.0459553	9.81815e-05	0.00401837
0.106997	0.0455178	9.59581e-05	0.00414052
0.110521	0.0453462	9.35661e-05	0.00428952
0.114072	0.0449287	9.1473e-05	0.00441361
0.117659	0.0447809	8.95111e-05	0.00451948
0.12131	0.0445074	8.67075e-05	0.00464738
0.124981	0.0442823	8.58427e-05	0.00477704
0.128654	0.0440957	8.39218e-05	0.00490712
0.132356	0.0440979	8.26065e-05	0.00503801
0.136114	0.0439365	8.04529e-05	0.00517079
0.139886	0.0438917	7.98757e-05	0.00530538
0.143726	0.0436547	7.70448e-05	0.00544229
0.14763	0.0436346	7.60982e-05	0.00560396
0.151571	0.0435506	7.42396e-05	0.00574398
0.155564	0.0436139	7.34947e-05	0.005886
0.159561	0.0436006	7.23937e-05	0.00602839
0.163604	0.0436029	7.08938e-05	0.00617308
0.167716	0.0435588	6.91102e-05	0.00632029
0.171871	0.0435898	6.83398e-05	0.0064692
0.176061	0.0435251	6.69329e-05	0.00661947
0.180358	0.0435368	6.47724e-05	0.00679401
0.184689	0.0435242	6.4329e-05	0.0069491
0.189033	0.043489	6.31198e-05	0.00710483
0.193461	0.0435441	6.13979e-05	0.00726362
0.197942	0.0434624	6.0647e-05	0.0074249
0.202473	0.04367	5.94061e-05	0.00758808
0.207023	0.0436157	5.87875e-05	0.00775202
0.211685	0.0435998	6.13964e-05	0.00793882
0.216388	0.0436686	6.20333e-05	0.00810927
0.221186	0.0436624	6.28555e-05	0.00828891
0.226035	0.0435558	6.05909e-05	0.00847046
0.230988	0.0436184	5.90671e-05	0.00863613
0.235952	0.0435725	5.63188e-05	0.00882155
0.240977	0.0436504	5.45491e-05	0.00899892
0.246089	0.0435772	5.28381e-05	0.00918968
0.251271	0.0436012	5.1612e-05	0.00938303
0.256516	0.0434938	5.0265e-05	0.00957876
0.261857	0.0435878	4.9067e-05	0.00977802
0.267298	0.0434917	4.78151e-05	0.00998102
0.272801	0.0434422	4.70342e-05	0.0101863
0.278373	0.043398	4.58224e-05	0.0103942
0.284019	0.0434269	4.50658e-05	0.0105947
0.289691	0.0434514	4.50668e-05	0.0108061
0.295526	0.0434718	4.56407e-05	0.0110237
0.301428	0.04346	4.57417e-05	0.0112437
0.307396	0.0434742	4.58965e-05	0.0114419
0.313473	0.0434525	4.55328e-05	0.0116679
0.319665	0.0434443	4.54742e-05	0.0118983
0.325901	0.0434784	4.72704e-05	0.0121303
0.332113	0.0435628	5.21215e-05	0.0123519
0.338631	0.0435755	6.08659e-05	0.0125943
0.345174	0.0437199	6.82761e-05	0.0128376
0.351819	0.0435727	7.81716e-05	0.0130846
0.358511	0.0439139	9.26162e-05	0.0133335
0.365262	0.043848	0.000114573	0.0135845
0.372245	0.0437175	0.000151905	0.0138441
0.379313	0.0441038	0.000197868	0.014107
0.385965	0.0439677	0.000306114	0.0143543
0.391605	0.0443799	0.00101168	0.014564
