GRASP_Variant V.10.38c    Instrument:  ILL_d11_plus2025 
  
***** Sample, Backgrounds and Transmissions Data: ***** 
Subtitle:  NIPAM-567-6-2p5pc 
Start: 27-Oct-25  11:03:34   End: 27-Oct-25  12:03:34 
  
Foreground:  72159 , Loaded: 72065+72074+72081+72122,72066+72075+72082,72067+72076+72083,72068+72077+72084,72085+72114,72086+72115,72087,72088+72116,72117,72118,72119,72120,72123,72124,72125,72126,72158,72159,72160,72161,72162,72163,72164,72165,72166,72204,72205,72206,72207,72208,72209,72210,72211,72212,72213,72214,72236,72237 
Background: Sum 72073+72064+72080+72127 , Loaded: 72073+72064+72080+72127 
Blocked Beam: Sum 72072+72079 , Loaded: 72072+72079 
  
Beam Centre1 [x, y]:  [125, 95.2]  :  Cm Translation:  [0, 0] [mm]  :  ROI: [1  256    1  192]  :  Numor #72069 
Beam Centre2 [x, y]:  [14.8, 126]  :  Cm Translation:  [0, 0] [mm]  :  ROI: [1   32    1  256]  :  Numor #0 
Beam Centre3 [x, y]:  [14.8, 126]  :  Cm Translation:  [0, 0] [mm]  :  ROI: [1   32    1  256]  :  Numor #0 
Transmissions:  Ts = 0.93024 +/- 0.0014645  Te = 0.95954 +/- 0.0010271 
Transmission Numors: Ts:  #72154/ #72157;  ROI:  121  132   99  109 
Transmission Numors: Te:  #72157/ #72089;  ROI:  121  132   99  109 
Transmissions Thickness Correction is:  on 
Applying standard SANS data reduction:  I_corr = 1/[Ts Te] [I_s - I_cd]  - 1/[Te] [I_bck - I_cd] 
  
***** Calibrations: ***** 
Data: Corrected for D11_plus Detector Parallax 
Data: Corrected for Detector Efficiency 
Data: Corrected for Relative Detector Efficiency (variation between detector panels) 
Data: Divided by Volume 
Sample Thickness is: 0.1 [cm] 
Solid Angle Correction: 
Divide data by Empty Beam Flux, I0, from worksheet: I0 Beam Intensity 3 19 
I0 Numor #72069   ROI: 110  145   87  104    1 
Applying Default Instrument Mask 
Applying User Defined Mask 
Applying NanInf Mask 
Intensity units are:  cm-1 \\ \Delta\Omega  
  
***** Instrument Setup Parameters ***** 
Sample-Det(detcalc)1 Dist (m): 38.9 
Sample-Det(detcalc)2 Dist (m): 38.795 
Sample-Det(detcalc)3 Dist (m): 38.795 
Collimation (m): 34.4 
Wavelength: 9, Delta Wav: 0.09 
Total Det Counts: 638115 
Total Monitor Counts: 29577211 
  
***** Analysis ***** 
Merge IQ through Worksheet Number 
Numors:  72159 
Averaging I vs. Q.  Bin size:  5 [Fractional Resolution]  log10 
 
 
***** Data ***** 
Mod_Q	I	Err_I	Sigma_Q	
 
 
0.000919404	171.733	6.74396	0.000270882
0.00106635	156.865	4.07032	0.000271626
0.00120379	150.37	2.44157	0.000272378
0.00134115	143.928	1.91314	0.00027326
0.0014783	134.709	1.63246	0.000274216
0.00161805	130.68	1.48434	0.000275254
0.00175817	124.043	1.32817	0.000276439
0.00190041	120.12	1.21563	0.000277694
0.00204233	114.436	1.14345	0.000279056
0.00218479	107.553	1.04842	0.000280515
0.00232687	104.854	1.00757	0.00028203
0.00247001	97.7311	0.916809	0.000283694
0.00261547	93.8573	0.875025	0.000285428
0.0027612	88.8849	0.817195	0.000288058
0.00290767	81.8199	0.766711	0.000289989
0.0030551	78.2574	0.730375	0.000292032
0.00320283	72.6898	0.688339	0.000294161
0.0033513	69.8872	0.645245	0.000296553
0.00350174	64.7392	0.582839	0.000298774
0.00365338	61.5329	0.559648	0.000301397
0.00380343	56.266	0.522431	0.000303802
0.00395677	52.9362	0.490407	0.000306664
0.00411096	49.3434	0.463454	0.000309452
0.00426562	45.0633	0.429706	0.00031265
0.00442304	41.983	0.409962	0.000315244
0.00458171	39.1711	0.386185	0.000318524
0.00474027	36.4314	0.362243	0.000321783
0.00490004	33.4912	0.34742	0.000324974
0.00506249	30.7207	0.329154	0.000328011
0.00522578	28.2124	0.30927	0.000331773
0.00539209	26.343	0.297505	0.00033531
0.00555831	23.9208	0.282403	0.00033943
0.00572445	22.6988	0.267203	0.000343449
0.00589549	20.9472	0.251429	0.000347512
0.00606752	18.7301	0.243811	0.000351205
0.00623945	17.4808	0.231805	0.000355298
0.00641549	16.234	0.215925	0.000359477
0.0065932	15.0434	0.209622	0.000363641
0.00677123	13.8842	0.198516	0.000368081
0.00695286	12.6491	0.184463	0.000372839
0.00713629	11.7601	0.181309	0.000377264
0.00732118	11.484	0.176587	0.000382178
0.00750945	10.2298	0.163334	0.000387111
0.00769799	9.5715	0.162662	0.000392632
0.00788895	8.88463	0.153096	0.000397993
0.00808401	8.23511	0.146175	0.000403386
0.00828156	7.75031	0.142989	0.000408327
0.00847982	7.18053	0.134747	0.000414064
0.00868076	6.5692	0.132464	0.000419689
0.00888667	6.29009	0.128396	0.000425358
0.00909174	6.01207	0.125788	0.000431338
0.00930067	5.42932	0.125392	0.000438089
0.00951383	4.94878	0.119913	0.00044423
0.00972924	4.93965	0.113583	0.000450527
0.00994634	4.54898	0.111465	0.000456668
0.0101661	4.21235	0.105465	0.000463353
0.0103882	4.06234	0.107082	0.000469776
0.0106164	3.90919	0.102413	0.000476717
0.010846	3.73834	0.0984943	0.000483749
0.0110799	3.40644	0.0969979	0.000491459
0.0113153	3.30035	0.0955392	0.000498852
0.0116902	3.03171	0.0625959	0.000526851
0.0120686	2.76132	0.0875725	0.00052244
0.0123198	2.65044	0.0854175	0.000530566
0.0125726	2.49481	0.0811813	0.000538314
0.0128304	2.41104	0.0784722	0.000546722
0.0130907	2.21524	0.0825127	0.000555247
0.0133582	2.21048	0.0794316	0.000564047
0.0136226	2.09691	0.0807485	0.000572801
0.0138967	2.07237	0.0872342	0.000581914
0.0141721	1.94121	0.0982344	0.000591096
0.0144541	1.79109	0.0978989	0.00060007
0.0147374	1.81781	0.107195	0.000609578
0.0151321	1.628	0.0926244	0.000637516
0.0155697	1.45263	0.127366	0.000639553
0.015972	1.55384	0.100886	0.000668427
0.016539	1.39874	0.0619231	0.000693973
0.0170983	1.26243	0.0168937	0.00071407
0.0176553	1.1546	0.0158035	0.000732112
0.01822	1.10241	0.0153369	0.000750623
0.0187841	1.01468	0.0144955	0.00076911
0.0193574	0.987782	0.0138276	0.00078806
0.0199374	0.90073	0.0131781	0.000807403
0.0205161	0.833669	0.01252	0.000826719
0.0211039	0.798932	0.0118758	0.00084812
0.021696	0.734429	0.0113696	0.00086691
0.0222951	0.70663	0.0109483	0.000887705
0.0229058	0.671619	0.010418	0.000909332
0.0235229	0.64028	0.00999496	0.000931596
0.0241472	0.590097	0.00949989	0.000953312
0.0247786	0.563332	0.00905199	0.000974313
0.0254182	0.542129	0.00885437	0.000997077
0.0260563	0.495929	0.00830725	0.00102077
0.0267066	0.497827	0.00813646	0.001043
0.0273657	0.467061	0.00779014	0.00106596
0.0280354	0.445269	0.00744638	0.00108896
0.0287125	0.428562	0.00732612	0.00111519
0.0293919	0.403575	0.00694855	0.00113766
0.0300851	0.389937	0.00666084	0.00116293
0.0307904	0.374836	0.00644139	0.00118933
0.0315013	0.378939	0.00647599	0.00121333
0.0322197	0.360518	0.00615596	0.00123932
0.0329533	0.35054	0.00600246	0.00126582
0.0336884	0.339102	0.00583133	0.00129332
0.0344376	0.32972	0.00587594	0.00132044
0.0351964	0.318004	0.00573819	0.00134542
0.0359738	0.309829	0.00559007	0.00137483
0.036749	0.304985	0.0053404	0.00140122
0.0375375	0.295308	0.00516584	0.00143114
0.0383408	0.288583	0.00505653	0.00145939
0.039152	0.275687	0.0049108	0.00148668
0.0399773	0.267127	0.00468291	0.00151906
0.0408186	0.268569	0.00462636	0.00154802
0.0416654	0.25769	0.00452257	0.00157921
0.0425253	0.252687	0.00438697	0.00161094
0.0433983	0.244764	0.00429082	0.00164311
0.0442841	0.236514	0.00411557	0.00167578
0.0451878	0.231162	0.00406813	0.00170723
0.0460934	0.220619	0.00394729	0.00174065
0.0470192	0.219021	0.00381414	0.00177481
0.0479629	0.213597	0.00377537	0.00180965
0.048911	0.1961	0.00371217	0.00184086
0.0498802	0.194515	0.00376107	0.00187659
0.0508617	0.18258	0.00365228	0.0019128
0.051858	0.179916	0.00370903	0.00194956
0.0528725	0.17433	0.00380992	0.00198701
0.0538882	0.172532	0.00397736	0.00202452
0.0549278	0.160498	0.00408724	0.0020629
0.0559881	0.166849	0.00435574	0.00210209
0.0570636	0.150192	0.00472607	0.00214182
0.0581525	0.147233	0.00514178	0.00218458
0.0592586	0.142715	0.00577411	0.00222553
0.0603894	0.13964	0.00645132	0.00227237
0.0615324	0.137709	0.00689963	0.00232745
0.0635519	0.13764	0.00502408	0.00258679
0.0670047	0.118889	0.000972907	0.00277798
0.0701705	0.109426	0.00026778	0.00288806
0.0733291	0.100467	0.000247611	0.00299157
0.0765932	0.0916893	0.000228777	0.00310038
0.0798794	0.0846485	0.000217834	0.0032098
0.0831679	0.078958	0.000206078	0.00332113
0.0864969	0.0732734	0.000194381	0.00343317
0.0898466	0.0688496	0.000186342	0.00354814
0.0931894	0.0646865	0.000178259	0.00366165
0.096587	0.0613771	0.000169239	0.00377947
0.100033	0.0585893	0.000162855	0.00389819
0.103498	0.0559307	0.000156537	0.00401837
0.106997	0.0538583	0.00015154	0.00414052
0.110521	0.0522399	0.000146336	0.00428952
0.114072	0.05065	0.000142066	0.00441361
0.117659	0.0492645	0.000137908	0.00451948
0.12131	0.0482053	0.000132954	0.00464738
0.124981	0.0472736	0.000131055	0.00477704
0.128654	0.0466881	0.000127825	0.00490712
0.132356	0.0463345	0.000125571	0.00503801
0.136114	0.045934	0.00012211	0.00517079
0.139886	0.0454596	0.000121001	0.00530538
0.143726	0.0450914	0.000116741	0.00544229
0.14763	0.0449542	0.00011525	0.00560396
0.151571	0.0446308	0.000112349	0.00574398
0.155564	0.0445834	0.000111207	0.005886
0.159561	0.0444983	0.000109532	0.00602839
0.163604	0.0442816	0.000107059	0.00617308
0.167716	0.0443284	0.000104395	0.00632029
0.171871	0.0441821	0.000103065	0.0064692
0.176061	0.0441713	0.000100903	0.00661947
0.180358	0.0440158	9.74083e-05	0.00679401
0.184689	0.043976	9.66103e-05	0.0069491
0.189033	0.0438153	9.46451e-05	0.00710483
0.193461	0.0438473	9.19043e-05	0.00726362
0.197942	0.0438	9.07612e-05	0.0074249
0.202473	0.0437552	8.86332e-05	0.00758808
0.207023	0.0435185	8.77222e-05	0.00775202
0.211685	0.0436469	9.17189e-05	0.00793882
0.216388	0.0436339	9.25835e-05	0.00810927
0.221186	0.0436171	9.40186e-05	0.00828891
0.226035	0.04354	9.05729e-05	0.00847046
0.230988	0.0434579	8.8096e-05	0.00863613
0.235952	0.0434637	8.39127e-05	0.00882155
0.240977	0.043377	8.10542e-05	0.00899892
0.246089	0.0433783	7.84429e-05	0.00918968
0.251271	0.0434304	7.65241e-05	0.00938303
0.256516	0.0433235	7.44995e-05	0.00957876
0.261857	0.0432677	7.25314e-05	0.00977802
0.267298	0.0431857	7.07025e-05	0.00998102
0.272801	0.043077	6.95503e-05	0.0101863
0.278373	0.0431175	6.77549e-05	0.0103942
0.284019	0.043104	6.66013e-05	0.0105947
0.289691	0.0430978	6.65458e-05	0.0108061
0.295526	0.043117	6.73547e-05	0.0110237
0.301428	0.0429912	6.74257e-05	0.0112437
0.307396	0.0429041	6.7567e-05	0.0114419
0.313473	0.042916	6.70206e-05	0.0116679
0.319665	0.0428771	6.69089e-05	0.0118983
0.325901	0.0428401	6.95345e-05	0.0121303
0.332113	0.0428207	7.66897e-05	0.0123519
0.338631	0.0429658	8.9785e-05	0.0125943
0.345174	0.0430825	0.00010081	0.0128376
0.351819	0.0428864	0.000115526	0.0130846
0.358511	0.0429772	0.000136427	0.0133335
0.365262	0.0429289	0.000168484	0.0135845
0.372245	0.0428866	0.000222941	0.0138441
0.379313	0.0429839	0.000289997	0.014107
0.385965	0.0433747	0.000453241	0.0143543
0.391605	0.0410129	0.00146485	0.014564
