GRASP_Variant V.10.38c    Instrument:  ILL_d11_plus2025 
  
***** Sample, Backgrounds and Transmissions Data: ***** 
Subtitle:  D2O-1mm 
Start: 27-Oct-25  00:17:48   End: 27-Oct-25  01:17:48 
  
Foreground:  72122 , Loaded: 72065+72074+72081+72122,72066+72075+72082,72067+72076+72083,72068+72077+72084,72085+72114,72086+72115,72087,72088+72116,72117,72118,72119,72120,72123,72124,72125,72126,72158,72159,72160,72161,72162,72163,72164,72165,72166,72204,72205,72206,72207,72208,72209,72210,72211,72212,72213,72214,72236,72237 
Background:  72127 , Loaded: 72073+72064+72080+72127 
Blocked Beam:  72079 , Loaded: 72072+72079 
  
Beam Centre1 [x, y]:  [125, 95.2]  :  Cm Translation:  [0, 0] [mm]  :  ROI: [1  256    1  192]  :  Numor #72069 
Beam Centre2 [x, y]:  [14.8, 126]  :  Cm Translation:  [0, 0] [mm]  :  ROI: [1   32    1  256]  :  Numor #0 
Beam Centre3 [x, y]:  [14.8, 126]  :  Cm Translation:  [0, 0] [mm]  :  ROI: [1   32    1  256]  :  Numor #0 
Transmissions:  Ts = 0.93681 +/- 0.0011573  Te = 0.95954 +/- 0.0010271 
Transmission Numors: Ts:  #72152/ #72157;  ROI:  121  132   99  109 
Transmission Numors: Te:  #72157/ #72089;  ROI:  121  132   99  109 
Transmissions Thickness Correction is:  on 
Applying standard SANS data reduction:  I_corr = 1/[Ts Te] [I_s - I_cd]  - 1/[Te] [I_bck - I_cd] 
  
***** Calibrations: ***** 
Data: Corrected for D11_plus Detector Parallax 
Data: Corrected for Detector Efficiency 
Data: Corrected for Relative Detector Efficiency (variation between detector panels) 
Data: Divided by Volume 
Sample Thickness is: 0.1 [cm] 
Solid Angle Correction: 
Divide data by Empty Beam Flux, I0, from worksheet: I0 Beam Intensity 3 2 
I0 Numor #72069   ROI: 110  145   87  104    1 
Applying Default Instrument Mask 
Applying User Defined Mask 
Applying NanInf Mask 
Intensity units are:  cm-1 \\ \Delta\Omega  
  
***** Instrument Setup Parameters ***** 
Sample-Det(detcalc)1 Dist (m): 38.9 
Sample-Det(detcalc)2 Dist (m): 38.795 
Sample-Det(detcalc)3 Dist (m): 38.795 
Collimation (m): 34.4 
Wavelength: 9, Delta Wav: 0.09 
Total Det Counts: 174340 
Total Monitor Counts: 39993487 
  
***** Analysis ***** 
Merge IQ through Worksheet Number 
Numors:  72122 
Averaging I vs. Q.  Bin size:  5 [Fractional Resolution]  log10 
 
 
***** Data ***** 
Mod_Q	I	Err_I	Sigma_Q	
 
 
0.000919404	52.3543	5.49652	0.000270882
0.00106635	26.9129	3.07203	0.000271626
0.00120379	17.6405	1.65767	0.000272378
0.00134115	11.6283	1.16347	0.00027326
0.0014783	7.48618	0.922114	0.000274216
0.00161805	6.6619	0.776505	0.000275254
0.00175817	5.0908	0.629741	0.000276439
0.00190041	3.91029	0.527917	0.000277694
0.00204233	3.19605	0.479033	0.000279056
0.00218479	2.99534	0.425149	0.000280515
0.00232687	2.21615	0.388222	0.00028203
0.00247001	1.9085	0.335273	0.000283694
0.00261547	1.5409	0.32456	0.000285428
0.0027612	1.14817	0.277636	0.000288058
0.00290767	0.723764	0.27519	0.000289989
0.0030551	0.762484	0.263077	0.000292032
0.00320283	0.555858	0.250921	0.000294161
0.0033513	0.600488	0.21769	0.000296553
0.00350174	0.489133	0.194638	0.000298774
0.00365338	0.415024	0.200817	0.000301397
0.00380343	0.596007	0.182828	0.000303802
0.00395677	0.532476	0.175503	0.000306664
0.00411096	0.321398	0.174182	0.000309452
0.00426562	0.199188	0.164542	0.00031265
0.00442304	0.0744025	0.156166	0.000315244
0.00458171	0.0849962	0.154123	0.000318524
0.00474027	0.202632	0.140181	0.000321783
0.00490004	0.234237	0.150409	0.000324974
0.00506249	0.225344	0.140635	0.000328011
0.00522578	0.172326	0.14402	0.000331773
0.00539209	0.0674497	0.143041	0.00033531
0.00555831	0.0847636	0.131511	0.00033943
0.00572445	0.0699103	0.128973	0.000343449
0.00589549	0.125353	0.125916	0.000347512
0.00606752	0.123223	0.12919	0.000351205
0.00623945	0.0565056	0.12537	0.000355298
0.00641549	0.00802593	0.113554	0.000359477
0.0065932	0.0203028	0.112792	0.000363641
0.00677123	0.0737072	0.109927	0.000368081
0.00695286	0.0922469	0.104465	0.000372839
0.00713629	0.0117187	0.10522	0.000377264
0.00732118	0.029515	0.105578	0.000382178
0.00750945	0.0839094	0.0984083	0.000387111
0.00769799	-0.0973668	0.100968	0.000392632
0.00788895	-0.0601732	0.0966016	0.000397993
0.00808401	-0.0112736	0.0950134	0.000403386
0.00828156	0.0419599	0.0941191	0.000408327
0.00847982	0.0474144	0.089115	0.000414064
0.00868076	-0.161027	0.0914314	0.000419689
0.00888667	-0.0167367	0.0889624	0.000425358
0.00909174	0.044755	0.0879778	0.000431338
0.00930067	-0.0471636	0.0909204	0.000438089
0.00951383	-0.0850249	0.0897969	0.00044423
0.00972924	0.0101332	0.0831109	0.000450527
0.00994634	-0.0194285	0.0836334	0.000456668
0.0101661	-0.085822	0.0791237	0.000463353
0.0103882	0.0317695	0.0837562	0.000469776
0.0106164	0.0360499	0.0799963	0.000476717
0.010846	-0.0674418	0.0763605	0.000483749
0.0110799	0.00644993	0.0775629	0.000491459
0.0113153	-0.0478319	0.0767414	0.000498852
0.0116902	-0.00741541	0.0509014	0.000526851
0.0120686	-0.0418728	0.0722504	0.00052244
0.0123198	-0.0428468	0.0708398	0.000530566
0.0125726	-0.0324391	0.0670996	0.000538314
0.0128304	0.00934031	0.0649167	0.000546722
0.0130907	-0.0490245	0.070662	0.000555247
0.0133582	-0.0303538	0.0674669	0.000564047
0.0136226	-0.0455383	0.0682096	0.000572801
0.0138967	-0.026556	0.0743002	0.000581914
0.0141721	-0.126501	0.0849147	0.000591096
0.0144541	-0.0410173	0.0842	0.00060007
0.0147374	-0.0468013	0.0919405	0.000609578
0.0151321	0.0125064	0.0820775	0.000637516
0.0155697	-0.0606281	0.112437	0.000639553
0.015972	0.0190929	0.0887962	0.000668427
0.016539	0.0445227	0.0550507	0.000693973
0.0170983	0.0323882	0.00530448	0.00071407
0.0176553	0.0370191	0.00513617	0.000732112
0.01822	0.0398628	0.00549522	0.000750623
0.0187841	0.0306618	0.00496933	0.00076911
0.0193574	0.038326	0.00488142	0.00078806
0.0199374	0.0385686	0.00479434	0.000807403
0.0205161	0.0303569	0.00468839	0.000826719
0.0211039	0.0399427	0.00454654	0.00084812
0.021696	0.036089	0.0043187	0.00086691
0.0222951	0.027945	0.00440643	0.000887705
0.0229058	0.0352641	0.00424766	0.000909332
0.0235229	0.0358242	0.00418612	0.000931596
0.0241472	0.0399039	0.00413412	0.000953312
0.0247786	0.04121	0.00393662	0.000974313
0.0254182	0.0289083	0.00383873	0.000997077
0.0260563	0.0406388	0.00379896	0.00102077
0.0267066	0.0374325	0.00366908	0.001043
0.0273657	0.0475649	0.0037085	0.00106596
0.0280354	0.0441196	0.00350836	0.00108896
0.0287125	0.0350773	0.00350116	0.00111519
0.0293919	0.0323675	0.0033324	0.00113766
0.0300851	0.0399387	0.00327849	0.00116293
0.0307904	0.035545	0.0031674	0.00118933
0.0315013	0.0370338	0.00319905	0.00121333
0.0322197	0.036025	0.00307701	0.00123932
0.0329533	0.0351682	0.00307064	0.00126582
0.0336884	0.0375375	0.00296703	0.00129332
0.0344376	0.0359198	0.00304199	0.00132044
0.0351964	0.037698	0.00301917	0.00134542
0.0359738	0.0350683	0.00294308	0.00137483
0.036749	0.0349752	0.00280683	0.00140122
0.0375375	0.0382525	0.00278596	0.00143114
0.0383408	0.041339	0.00278525	0.00145939
0.039152	0.0330713	0.00269911	0.00148668
0.0399773	0.0395622	0.00261476	0.00151906
0.0408186	0.0359258	0.00256836	0.00154802
0.0416654	0.038198	0.00255556	0.00157921
0.0425253	0.0384772	0.00249478	0.00161094
0.0433983	0.0355143	0.00244893	0.00164311
0.0442841	0.0381919	0.00239109	0.00167578
0.0451878	0.0338347	0.00237938	0.00170723
0.0460934	0.0368252	0.00232927	0.00174065
0.0470192	0.0393079	0.0022638	0.00177481
0.0479629	0.0355777	0.00224331	0.00180965
0.048911	0.0337221	0.00227911	0.00184086
0.0498802	0.0350626	0.00231123	0.00187659
0.0508617	0.0333528	0.00228648	0.0019128
0.051858	0.0355312	0.00234945	0.00194956
0.0528725	0.0342388	0.00242771	0.00198701
0.0538882	0.037171	0.00254642	0.00202452
0.0549278	0.0365776	0.00266551	0.0020629
0.0559881	0.0384227	0.00282629	0.00210209
0.0570636	0.0364869	0.00317566	0.00214182
0.0581525	0.0339808	0.00337449	0.00218458
0.0592586	0.0360537	0.00381274	0.00222553
0.0603894	0.0358206	0.00424368	0.00227237
0.0615324	0.035551	0.0044402	0.00232745
0.0635519	0.0352731	0.00326431	0.00258679
0.0670047	0.0378616	0.000671849	0.00277798
0.0701705	0.0370678	0.000135723	0.00288806
0.0733291	0.0374065	0.000130415	0.00299157
0.0765932	0.0372193	0.000125201	0.00310038
0.0798794	0.037273	0.000123324	0.0032098
0.0831679	0.0373481	0.000120111	0.00332113
0.0864969	0.0371438	0.000116624	0.00343317
0.0898466	0.0371989	0.000114585	0.00354814
0.0931894	0.0372277	0.000112393	0.00366165
0.096587	0.037242	0.000108807	0.00377947
0.100033	0.0372061	0.000106511	0.00389819
0.103498	0.0369786	0.000103922	0.00401837
0.106997	0.0371294	0.000102164	0.00414052
0.110521	0.0371571	9.97058e-05	0.00428952
0.114072	0.037146	9.78805e-05	0.00441361
0.117659	0.0372933	9.60805e-05	0.00451948
0.12131	0.0371551	9.32813e-05	0.00464738
0.124981	0.0371568	9.25709e-05	0.00477704
0.128654	0.0371996	9.07068e-05	0.00490712
0.132356	0.0370661	8.93029e-05	0.00503801
0.136114	0.0372403	8.71713e-05	0.00517079
0.139886	0.037226	8.67705e-05	0.00530538
0.143726	0.0370908	8.39186e-05	0.00544229
0.14763	0.0370914	8.29267e-05	0.00560396
0.151571	0.0372158	8.11932e-05	0.00574398
0.155564	0.0372435	8.04643e-05	0.005886
0.159561	0.0371755	7.92779e-05	0.00602839
0.163604	0.037239	7.76366e-05	0.00617308
0.167716	0.0372749	7.56868e-05	0.00632029
0.171871	0.0373668	7.4868e-05	0.0064692
0.176061	0.0372438	7.31805e-05	0.00661947
0.180358	0.0372333	7.06835e-05	0.00679401
0.184689	0.0374703	7.01641e-05	0.0069491
0.189033	0.0374713	6.87856e-05	0.00710483
0.193461	0.0374409	6.66521e-05	0.00726362
0.197942	0.0372191	6.56904e-05	0.0074249
0.202473	0.0374704	6.42105e-05	0.00758808
0.207023	0.0374097	6.36301e-05	0.00775202
0.211685	0.0373714	6.6496e-05	0.00793882
0.216388	0.0373772	6.71191e-05	0.00810927
0.221186	0.0375316	6.82848e-05	0.00828891
0.226035	0.0373719	6.56955e-05	0.00847046
0.230988	0.0375052	6.39428e-05	0.00863613
0.235952	0.0372126	6.07012e-05	0.00882155
0.240977	0.0373203	5.86819e-05	0.00899892
0.246089	0.0372312	5.66841e-05	0.00918968
0.251271	0.0373559	5.52658e-05	0.00938303
0.256516	0.0372957	5.37998e-05	0.00957876
0.261857	0.0373135	5.23637e-05	0.00977802
0.267298	0.0373333	5.10825e-05	0.00998102
0.272801	0.037165	5.02499e-05	0.0101863
0.278373	0.0372676	4.89488e-05	0.0103942
0.284019	0.0372116	4.8084e-05	0.0105947
0.289691	0.0371333	4.79889e-05	0.0108061
0.295526	0.0372329	4.85802e-05	0.0110237
0.301428	0.0371892	4.86396e-05	0.0112437
0.307396	0.0372624	4.8795e-05	0.0114419
0.313473	0.037177	4.83372e-05	0.0116679
0.319665	0.0371864	4.82608e-05	0.0118983
0.325901	0.0371952	5.01709e-05	0.0121303
0.332113	0.0371461	5.53366e-05	0.0123519
0.338631	0.0372268	6.47952e-05	0.0125943
0.345174	0.0373555	7.27824e-05	0.0128376
0.351819	0.0371905	8.34254e-05	0.0130846
0.358511	0.0373558	9.84784e-05	0.0133335
0.365262	0.0372624	0.000121328	0.0135845
0.372245	0.0372278	0.000160132	0.0138441
0.379313	0.0374452	0.000208085	0.014107
0.385965	0.0375705	0.00032348	0.0143543
0.391605	0.039143	0.0010714	0.014564
